# Total de pares: 	144
# orden	tamaño	densidad	grado-promedio	diametro	radio	tamaño-clique-mas-grande	cliques-maximales	alcance-global	agrupamiento	transitividad	modularidad	dependencia	comunidades	>	[1, 0] = real ; [0, 1] = aleatoria
424	4210	0.023473393104063517	9.929245283018869	4	3	8	2637	0.15774972195675319	0.12358806729149495	0.09466952741863575	0.16941398147577622363707188012357390099212489784916	0.0001297447	178	>	1	0
500	4869	0.01951503006012024	9.738	4	3	8	3168	0.04204400785539014	0.11092309170537228	0.08564469142451468	0.1692402247309146675280786065827741785836791301228	0.0001099387	234	>	1	0
500	5000	0.02004008016032064	10.0	4	3	7	3262	0.0921000317267802	0.10586604963741605	0.07714208850827244	0.13321874030111108795639115496361119514948268368774	0.0001106735	219	>	1	0
500	5630	0.02256513026052104	11.26	3	3	8	3875	0.0	0.05078515675120254	0.05489416355867315	0.12953734345467831749820039366208374543480882858648	0.0001099461	295	>	1	0
500	5660	0.022685370741482965	11.32	4	3	8	3928	0.029983815326042645	0.09677909260575751	0.08701563562202583	0.11153265116704887618662853103635378149150518271114	9.25688e-05	209	>	1	0
500	5661	0.02268937875751503	11.322	4	3	9	3742	0.01402404006409613	0.09609344705871155	0.08368498152480486	0.14943077053777752125781661933738311553932635708773	0.0001011579	238	>	1	0
500	5847	0.023434869739478958	11.694	4	3	8	3955	0.005979895663069642	0.07675547233504568	0.07613168724279835	0.1847558065951369687518248176801073209431962523973	0.0001018615	259	>	1	0
500	6011	0.024092184368737474	12.022	4	3	7	4106	0.012024048096192385	0.09512928779818786	0.08555651457491467	0.15012180610897661027186414749141064906736919175169	9.85762e-05	287	>	1	0
424	4210	0.023473393104063517	9.929245283018869	4	3	4	2901	0.0	0.024165785249576723	0.024112785610111813	0.069112187649604270243857743785689258320571417966589	0.0001430039	220	>	0	1
500	6034	0.02418436873747495	12.068	4	3	7	4350	0.006003991951839639	0.057879596883366385	0.05634596422031272	0.10856025925935766002858551834896451771305497838301	9.64641e-05	312	>	1	0
500	6860	0.02749498997995992	13.72	4	3	9	5249	0.0438070529837234	0.12473335223541353	0.09040097490098661	0.12725958403780328000926397147606400487640325709594	8.17641e-05	238	>	1	0
500	6697	0.026841683366733468	13.394	4	3	8	5460	0.02200392769506928	0.07838647753641619	0.05809935948942813	0.075076268615816434840162832401544204640542470950394	8.48075e-05	282	>	1	0
500	6726	0.026957915831663327	13.452	4	3	8	5135	0.011971839470524135	0.0834675774332776	0.075807346742864	0.08969464310564281436916332308161066580442690770913	8.77243e-05	301	>	1	0
500	7156	0.028681362725450903	14.312	4	3	9	5210	0.018028040048031938	0.11276030396404238	0.0909096382640528	0.21051587977446086200485552289109968947471641110729	8.08624e-05	194	>	1	0
500	7211	0.028901803607214428	14.422	4	3	9	5621	0.07814024843273669	0.08328821882645289	0.07440142713923453	0.078845906711714712595850633523428519938467007430037	6.99709e-05	256	>	1	0
500	7481	0.029983967935871745	14.962	3	3	9	5690	0.009971847502620385	0.08705400065642181	0.08167818538511841	0.19413904034735589261782436579768968811642410426873	8.21104e-05	227	>	1	0
500	7350	0.029458917835671342	14.7	3	3	9	5904	0.002004008016032064	0.07216235094712009	0.0721417629856566	0.10787843232040272152184156052052841320720111367426	8.17675e-05	290	>	1	0
500	7857	0.031490981963927855	15.714	4	3	9	6183	0.00598391171119803	0.09367490416861861	0.08315363143779761	0.12927007790374280256460657538157172553564206856786	6.92943e-05	200	>	1	0
500	7666	0.03072545090180361	15.332	3	3	9	5892	0.0020040080160320657	0.06868220058729148	0.0681888534474637	0.13246434391465779718459690773917009691417822830319	7.94712e-05	267	>	1	0
500	7616	0.0305250501002004	15.232	3	3	8	5882	0.0	0.05884402672670267	0.05590986135329911	0.07416728849842496329157429627858988419258806444629	7.70948e-05	334	>	1	0
500	8260	0.0331062124248497	16.52	3	3	10	6603	0.0	0.05411788205504133	0.056210049440433583	0.16429570594893123695675302286429147877476362244919	6.9139e-05	267	>	1	0
500	8346	0.033450901803607214	16.692	4	3	10	7966	0.01599591969510163	0.10773891888732937	0.07689389754354951	0.029157709997257518162090212138154360015162480558022	6.08084e-05	365	>	1	0
500	7944	0.03183967935871743	15.888	3	3	8	6455	0.0	0.05739677478668991	0.05911339373596144	0.087740723476835738987548564526545309316049152830769	7.54378e-05	316	>	1	0
500	8147	0.032653306613226456	16.294	3	3	10	6473	0.0	0.059427777447130244	0.05675287356321839	0.13739297061768131004177056358004934775673902079964	7.16732e-05	269	>	1	0
424	4210	0.023473393104063517	9.929245283018869	4	3	7	3466	0.7075599818922582	0.03195755289803348	0.03282434239857334	0.14254888174704461042834928492896145202587575663372	0.0001341267	204	>	0	1
500	8652	0.03467735470941884	17.304	3	3	10	7410	0.0	0.060719428487664144	0.0603750762248458	0.073974959917879770835463485246885681250200984258139	7.19174e-05	260	>	1	0
500	4869	0.01951503006012024	9.738	4	3	4	3504	0.0	0.018668365432796492	0.019159535061949163	0.0623662004315599169280330439001510403475749071792	0.0001290758	278	>	0	1
500	9002	0.036080160320641284	18.004	3	3	9	8057	0.004003999983935812	0.06672789674625193	0.06410093083299362	0.094197954402884323122917917472114375986655274712857	6.47114e-05	333	>	1	0
500	5000	0.02004008016032064	10.0	4	3	4	3603	0.0	0.018771441814368916	0.01895107977082415	0.052344354292393176436517230221204673069156571909268	0.0001161385	314	>	0	1
500	10023	0.040172344689378754	20.046	3	2	8	17777	0.0	0.13462052554128612	0.032686022957461175	0.01937224103700379475457773107775012587987385448595	5.07614e-05	360	>	1	0
500	10457	0.04191182364729459	20.914	3	2	10	11812	0.005999975903711342	0.09099493343843085	0.06690266912514993	0.039328344819831833215466984910360864239316095249208	5.03129e-05	283	>	1	0
500	5630	0.02256513026052104	11.26	3	3	4	3812	0.0	0.023444505253891076	0.02336359897497548	0.056060015148085887140231616673670055153472337725464	0.0001117568	282	>	0	1
500	5660	0.022685370741482965	11.32	3	3	4	3869	0.0	0.021999957641768375	0.02152997586887712	0.060920858023309496579987493673859178417695389084531	0.0001213659	279	>	0	1
500	5661	0.02268937875751503	11.322	3	3	4	3854	0.0	0.022688939881898885	0.022271646124857134	0.05399113471645402492707481915271494189908866993026	0.0001114239	287	>	0	1
500	5847	0.023434869739478958	11.694	3	3	4	4005	0.0	0.022895975041666745	0.023445269993564617	0.05716045816095382785302423928378368331843388393071	0.000109281	265	>	0	1
500	6011	0.024092184368737474	12.022	3	3	4	3984	0.0	0.02479103926614058	0.024777477050140908	0.048226169616721283274833674953280952740144796768827	0.0001028079	271	>	0	1
500	6034	0.02418436873747495	12.068	3	3	4	4064	0.0	0.02399438758060048	0.024122927796442144	0.05411965654219541864955095752888911839133923541225	0.0001022744	265	>	0	1
500	11795	0.047274549098196395	23.59	3	2	10	12979	0.0020040080160320657	0.06315840649803875	0.06160220283589387	0.042994351405823410520399207677095913607178899517738	4.68861e-05	281	>	1	0
500	6726	0.026957915831663327	13.452	3	3	4	4563	0.0	0.026155043849480506	0.026211322585625123	0.043368904720884024639784792119055923731217540604146	9.27713e-05	254	>	0	1
500	4869	0.01951503006012024	9.738	4	3	8	3927	0.5728611531680596	0.03062389643894328	0.032473255159245026	0.11060566065018838689542345606203690202651590510678	0.0001116608	280	>	0	1
500	6697	0.026841683366733468	13.394	3	3	4	4544	0.0	0.026699462526633043	0.027053681497254286	0.044414589709112785056652681499221060377552098323203	9.64084e-05	295	>	0	1
500	6860	0.02749498997995992	13.72	3	3	4	4760	0.0	0.028337565972629025	0.02850923763007008	0.03728031395609536318033880780402023768891947378141	8.68478e-05	296	>	0	1
500	7156	0.028681362725450903	14.312	3	3	4	4949	0.0	0.02889541910356208	0.028376366414606433	0.042421020833547015317386218782177716220978995972467	8.40248e-05	262	>	0	1
500	5000	0.02004008016032064	10.0	4	3	7	4303	0.6855916241300244	0.020627677932800497	0.021958929292023494	0.094579051768644357783780373122176860985865992162578	0.0001066084	266	>	0	1
500	7211	0.028901803607214428	14.422	3	3	4	5024	0.0	0.028931506911954105	0.029378125848098322	0.052466314210012371067849654135501246724650374530387	8.75203e-05	248	>	0	1
500	7481	0.029983967935871745	14.962	3	3	4	5246	0.0	0.029974583608576282	0.029916586461341033	0.033566412701720412988771272557422128119885363204088	8.04072e-05	304	>	0	1
500	7350	0.029458917835671342	14.7	3	3	4	5139	0.0	0.029390991709727077	0.02981846415498946	0.04923297062867648930404878282418256679509716953554	8.78657e-05	256	>	0	1
500	7666	0.03072545090180361	15.332	3	3	4	5499	0.0	0.030893007450614005	0.031166117359247052	0.050859528732932384486587240257372672259236073848722	8.42576e-05	266	>	0	1
500	7616	0.0305250501002004	15.232	3	3	4	5417	0.0	0.030322066211657308	0.02978524904545533	0.039576337085622569078821017412086606512196399894144	8.22293e-05	281	>	0	1
500	7002	0.028064128256513027	14.004	4	3	9	5293	0.03693157858803776	0.09965895081349742	0.08990262674557593	0.090519268263187727381651773242200443884318693547829	7.37645e-05	288	>	1	0
500	7857	0.031490981963927855	15.714	3	3	4	5649	0.0	0.03199393531906983	0.03239505369345916	0.031535350894790293739355593574883685039418612013841	7.88284e-05	322	>	0	1
500	5630	0.02256513026052104	11.26	4	3	9	4062	0.07168645909052591	0.05372604517426236	0.061056635463235115	0.18269654675014376513967702670339275313094526912266	0.000101334	199	>	0	1
500	5660	0.022685370741482965	11.32	4	3	9	4361	0.21822803924482398	0.04272484989420867	0.04309581196052984	0.16187972289028134491832083480474254608456804706339	0.0001005182	238	>	0	1
500	5661	0.02268937875751503	11.322	4	3	8	4225	0.12030473773197642	0.043256179929254145	0.04349869908389269	0.1794318541037276026989898646539511667718792465403	0.0001009379	194	>	0	1
500	7944	0.03183967935871743	15.888	3	3	4	5786	0.0	0.03238375338159493	0.0322316675935489	0.039953785756753624093898076931730878873845682303544	7.92027e-05	263	>	0	1
500	8260	0.0331062124248497	16.52	3	3	4	6140	0.0	0.03303863961093433	0.03286468004833908	0.047157144586091694115391285547241526881765118284645	8.19076e-05	272	>	0	1
500	8147	0.032653306613226456	16.294	3	3	4	5981	0.0	0.03330495946679831	0.033253870062464164	0.041779281180250129439473309190103634983658255769924	7.50533e-05	235	>	0	1
500	5847	0.023434869739478958	11.694	4	3	7	4436	0.003987935791422532	0.043447411663164126	0.047888360116789666	0.19676382977032307240066731155075540057178095343263	9.3683e-05	127	>	0	1
500	8346	0.033450901803607214	16.692	3	3	4	6282	0.0	0.03349934489975366	0.033418727152356005	0.04663839513719400932089647701018459662737716744055	8.00139e-05	261	>	0	1
500	6011	0.024092184368737474	12.022	4	3	7	4640	0.10868631049674432	0.039583305023872306	0.03881085958648829	0.12994808189899415735193232570195718528377202864015	9.25707e-05	270	>	0	1
500	6034	0.02418436873747495	12.068	4	3	7	4459	0.006003991951839628	0.04875312131591686	0.052894773911818564	0.17124143719723417186011181745837739003676854349442	9.68523e-05	210	>	0	1
500	8652	0.03467735470941884	17.304	3	3	5	6596	0.0	0.034376512391493246	0.03422772848686595	0.035926780618058446778451287122507801944600487900818	7.12411e-05	271	>	0	1
500	9002	0.036080160320641284	18.004	3	3	5	7166	0.0	0.03568392672049431	0.03584756931186954	0.035702546646776253345180034025628964222431191660743	7.30068e-05	237	>	0	1
500	6740	0.027014028056112225	13.48	4	3	8	5126	0.10372649105826912	0.0882720937185106	0.08338137573201444	0.15150797467387089536148790709106395557647386800537	7.9701e-05	177	>	1	0
500	6697	0.026841683366733468	13.394	4	3	11	5611	0.5911582684406891	0.039063708451371346	0.04349847333501687	0.05564234123713387734887072115630695768217336960199	7.87661e-05	322	>	0	1
500	6726	0.026957915831663327	13.452	4	3	8	5166	0.18083461512202822	0.05043003948206543	0.050203242886498974	0.08384617324232607537832398140408950782249243935103	7.94317e-05	295	>	0	1
500	6860	0.02749498997995992	13.72	4	3	9	5813	0.6311982682800482	0.03636712047537356	0.03513510346605423	0.092074075655982875534893337506943194083869026167814	7.74643e-05	233	>	0	1
500	10023	0.040172344689378754	20.046	3	3	5	9042	0.0	0.040339707742367614	0.04041239769326807	0.039043656733715285989132871974963442538288373311489	6.26047e-05	233	>	0	1
500	7156	0.028681362725450903	14.312	4	3	8	6095	0.6042184569539879	0.036487135258360635	0.035716005972737344	0.14143401606778031339403910683778520254952458292833	7.97232e-05	257	>	0	1
500	7211	0.028901803607214428	14.422	4	3	10	5388	0.0020040080160320657	0.061119402470057954	0.06835672583593796	0.11330555397716778311063827185275470115633867104294	7.12226e-05	207	>	0	1
500	10457	0.04191182364729459	20.914	3	3	5	9720	0.0	0.04226170768816716	0.042679848355501704	0.040815343423148046984264611942137240767552150683947	6.35182e-05	238	>	0	1
500	7350	0.029458917835671342	14.7	4	3	11	5454	0.08994742993000071	0.057816334518134865	0.06283943740426125	0.15028949702171261041177579844181867587421972076151	7.44018e-05	187	>	0	1
500	7481	0.029983967935871745	14.962	4	3	8	6018	0.2590069919397928	0.04500993021374666	0.04414725153547295	0.16362806003812758169256862689779952983652242603586	7.57271e-05	215	>	0	1
500	6033	0.024180360721442886	12.066	4	3	8	4061	0.08016032064128298	0.12175474249168937	0.09476325479844885	0.15575684989447989738437541224117555185252205593366	9.46435e-05	275	>	1	0
500	7002	0.028064128256513027	14.004	3	3	4	4832	0.0	0.027964441943768407	0.027725190839694658	0.042964766285866774708400883919673123145433096081691	9.60166e-05	304	>	0	1
500	7616	0.0305250501002004	15.232	4	3	9	5796	0.2238585387207273	0.05204668441544617	0.05124562537344373	0.15506846974671164851144650412295316151130678430785	7.40074e-05	207	>	0	1
500	7666	0.03072545090180361	15.332	4	3	10	5635	0.0020040080160320657	0.06364041136417826	0.07198422632266054	0.14261816222568439515260593847841674492739841010977	7.55151e-05	208	>	0	1
500	6812	0.02730260521042084	13.624	3	3	7	5327	0.0	0.05509102258411642	0.05247449388387372	0.054445401463051082270642481412793045589170534151482	8.35964e-05	229	>	1	0
500	7857	0.031490981963927855	15.714	4	3	8	6558	0.30355299777912276	0.04787405789173226	0.0473099447211428	0.11130800424015873758818142908830414946907522831891	6.93518e-05	271	>	0	1
500	6536	0.026196392785571142	13.072	4	3	9	4872	0.07126075798892359	0.09967631784094313	0.06969804199103562	0.16919030507131308572915149630200642651387955671336	8.31073e-05	113	>	1	0
500	7944	0.03183967935871743	15.888	3	3	10	5990	0.06582704487130535	0.06174457724206662	0.06829366781919592	0.17797443838144797373813069672729112118173021742251	7.28677e-05	124	>	0	1
500	11795	0.047274549098196395	23.59	3	2	5	12581	0.0	0.0472930418850851	0.047208443880493715	0.026300439493750508689279729178135401340090488805941	5.43363e-05	241	>	0	1
500	8260	0.0331062124248497	16.52	4	3	8	7193	0.27709125666161794	0.052736905341489566	0.05279162615585114	0.12656862070960244051406579158560724603240682718389	7.09394e-05	238	>	0	1
500	8346	0.033450901803607214	16.692	4	3	14	7005	0.43408259404580807	0.059875277278362594	0.05846131182558097	0.059362600624728478501882405936436905828450269554522	6.30857e-05	316	>	0	1
500	8147	0.032653306613226456	16.294	4	3	8	6825	0.35791422524407557	0.05299964201454981	0.051010806216610007	0.13206911119048806459395627437780979424779439858271	6.89523e-05	216	>	0	1
500	10615	0.04254509018036072	21.23	3	3	10	11171	0.0	0.08343522527176933	0.07145917277208662	0.070413659916971311752586005003142132016910035261417	5.1565e-05	282	>	1	0
500	5603	0.02245691382765531	11.206	4	3	7	3909	0.0	0.05039276174470704	0.05255409980862653	0.14784764878923130523340178850581524134698469551633	0.0001039022	265	>	1	0
500	6036	0.02419238476953908	12.072	4	3	8	4176	0.29409520443693005	0.08549422690193244	0.06763514703292833	0.097097715230804807633389296705128832002451551861314	8.8176e-05	293	>	1	0
500	8528	0.034180360721442885	17.056	3	3	10	7276	0.0	0.07256682227212016	0.07102326936016792	0.1169456521253078319079915106455182397265242824229	6.7188e-05	244	>	1	0
500	5415	0.021703406813627254	10.83	4	3	8	3720	0.0020040080160320657	0.04715809749039918	0.05026853729380172	0.10592659932797477275469504800928852828746953224829	0.00011144	231	>	1	0
500	6740	0.027014028056112225	13.48	3	3	4	4560	0.0	0.02715703906393287	0.02731442869057548	0.048655908142376541672052516128804902112624453544244	9.628e-05	265	>	0	1
500	8652	0.03467735470941884	17.304	4	3	8	7119	0.2195533351271696	0.06292527961866923	0.06406885727709856	0.17591598707314244075283507547563236441169492113894	6.37747e-05	188	>	0	1
500	7143	0.02862925851703407	14.286	3	3	7	5324	0.002004008016032064	0.05712784674965729	0.054414146087560004	0.089765312079527955041364675888042626987287060092646	8.53878e-05	318	>	1	0
500	10717	0.04295390781563126	21.434	3	2	10	10941	0.0	0.06840491394386154	0.06372602243937749	0.071505531750014250689712255244130492503318290718606	5.47691e-05	351	>	1	0
500	10827	0.043394789579158315	21.654	3	3	10	11537	0.017803141352845928	0.08865374184278352	0.0714471725276507	0.044042072580413156644579776028059293279435722194202	4.97484e-05	325	>	1	0
500	9002	0.036080160320641284	18.004	3	3	9	7590	0.30419958152778664	0.0521787897402016	0.0517223807582552	0.12587999091341642443403961040825037998901834680501	6.33447e-05	220	>	0	1
500	5707	0.02287374749498998	11.414	4	3	6	3967	0.0	0.049412385434695255	0.049126840369699505	0.092061428274663343198183474971303261261302970849673	0.0001064266	320	>	1	0
500	6291	0.02521442885771543	12.582	6	4	7	4615	0.08007999967871615	0.09985962717696077	0.08304064683715655	0.069647646518362978781734283564808047821596188122299	7.70874e-05	270	>	1	0
500	6227	0.024957915831663326	12.454	4	3	8	4434	0.006003991951839592	0.0876453634654109	0.08175625920471281	0.11208688205884266551655304207759378466235939211765	9.53677e-05	331	>	1	0
500	6033	0.024180360721442886	12.066	4	3	4	4102	0.0	0.02353478808845097	0.023880024126775236	0.046067862402003172584956357468740560828187195196378	0.0001001365	270	>	0	1
500	5463	0.021895791583166332	10.926	4	3	8	3713	0.04201589551849189	0.10068069397244923	0.08339861288905023	0.1484666761239481416949553057372797052746688346677	0.0001019207	242	>	1	0
500	7002	0.028064128256513027	14.004	4	3	9	5166	0.005999975903711342	0.054922883920580555	0.05621556222850646	0.17339454172319267462391307234657356821338207828704	7.78236e-05	194	>	0	1
500	6681	0.026777555110220442	13.362	4	3	8	4701	0.003995967887679239	0.07906380947987676	0.07929519484595078	0.18223193310979910680227560082789743303369571641126	8.44505e-05	238	>	1	0
500	6812	0.02730260521042084	13.624	3	3	4	4644	0.0	0.028122942199355214	0.028056412894375857	0.052134326354452810379917068434861093946379107354566	9.88746e-05	248	>	0	1
500	10023	0.040172344689378754	20.046	4	3	11	14575	0.6138047638362906	0.11944257925036099	0.03633040738239928	0.028010503417723502916636345647518054587838561026124	5.07084e-05	359	>	0	1
500	6536	0.026196392785571142	13.072	3	3	4	4428	0.0	0.026572477672563724	0.026769906281721396	0.057327459075265567139132267846907790197501053903779	0.0001003988	259	>	0	1
500	5603	0.02245691382765531	11.206	4	3	4	3818	0.0	0.02220054695745043	0.022196561457531433	0.069894216738888167536685884632751911450124291545002	0.0001166734	255	>	0	1
500	5415	0.021703406813627254	10.83	4	3	4	3690	0.0	0.022280899894705636	0.022261677137394156	0.049185782367692702700900608507755465053349525349856	0.0001192414	295	>	0	1
500	6036	0.02419238476953908	12.072	4	3	4	4112	0.0	0.024127567717516177	0.024370095002065262	0.049996385017158310314983431260960958359579927232697	9.75196e-05	284	>	0	1
500	10457	0.04191182364729459	20.914	3	2	13	11101	0.6360135099859036	0.058446117925538506	0.0538680832781368	0.086274190530655514971877830994171612749412954041597	4.88918e-05	264	>	0	1
500	6740	0.027014028056112225	13.48	4	3	9	5029	0.2293083160308607	0.04463864953334605	0.04756197469429863	0.12369219186255891937267794741636281594839691649706	7.85305e-05	237	>	0	1
500	5707	0.02287374749498998	11.414	3	3	4	3868	0.0	0.022976975813391566	0.023175740357595034	0.044763429642907420247855669689102070736829656315601	0.0001012829	310	>	0	1
500	6291	0.02521442885771543	12.582	3	3	4	4214	0.0	0.025777654614188874	0.02571057457212714	0.056394236235873432637487844915266068869915981372903	9.73457e-05	220	>	0	1
500	6033	0.024180360721442886	12.066	4	3	7	5002	0.6313026855313834	0.028668288212024065	0.028815133444129434	0.13086449943570189744705185646773703989580462534448	9.35243e-05	250	>	0	1
500	5463	0.021895791583166332	10.926	4	3	4	3763	0.0	0.021324801353780298	0.02129961457840287	0.062991382929167870801810438370558576580833508966796	0.0001132522	264	>	0	1
500	6227	0.024957915831663326	12.454	3	3	4	4211	0.0	0.024905861384033442	0.024900270235490927	0.059351076018274683177384281296897537999533118538132	0.0001091054	240	>	0	1
500	7143	0.02862925851703407	14.286	3	3	4	4902	0.0	0.028250160099059465	0.028108877423945917	0.041464687819101511863651809833924292412610595575909	8.90021e-05	262	>	0	1
500	8528	0.034180360721442885	17.056	3	3	5	6505	0.0	0.033864382169551496	0.03428551762114537	0.039279989510800897314254770092950731492277289268862	7.44277e-05	252	>	0	1
500	13012	0.052152304609218436	26.024	3	3	14	16675	0.009983895647005367	0.1315543937472295	0.12028216592967633	0.13099140344327376066302540520454509432505225322521	3.94239e-05	211	>	1	0
500	5603	0.02245691382765531	11.206	4	3	8	4011	0.0	0.05206994882500001	0.05563324991412729	0.15942495705350092794237256872942615894304981436798	0.0001016749	191	>	0	1
500	10615	0.04254509018036072	21.23	3	3	5	10173	0.0	0.04249334303050365	0.04248655544825509	0.028312923892102730852695041565406651714648150133725	5.74946e-05	252	>	0	1
500	6812	0.02730260521042084	13.624	4	3	9	5527	0.39086590013694844	0.042492478684526075	0.04390123390844506	0.075382707979738793053913802124558029851273718281714	7.94918e-05	290	>	0	1
500	5415	0.021703406813627254	10.83	4	3	8	3855	0.1014011991919714	0.04936145481376157	0.05461171699457445	0.14200367782323510790120939638294953243731325645473	0.0001120518	277	>	0	1
500	6681	0.026777555110220442	13.362	3	3	4	4515	0.0	0.026526020989792867	0.02631874172631201	0.050929874799316381101674655554645057582257332100754	0.0001055148	296	>	0	1
500	6536	0.026196392785571142	13.072	4	3	9	5532	0.645603832916332	0.03624966609735922	0.03679523472517103	0.091462236393507029089097330068981846956094569659322	8.10026e-05	278	>	0	1
500	11795	0.047274549098196395	23.59	3	2	11	12258	0.3633198260247935	0.06286193450617207	0.06115700352556679	0.12910101216080944017718194970569833940692603180958	4.9672e-05	218	>	0	1
500	6036	0.02419238476953908	12.072	4	3	9	4959	0.6229292251838353	0.030108620402891653	0.03372952984680402	0.16393596278187544698788598332933419833841897262858	9.6975e-05	223	>	0	1
500	14656	0.05874148296593187	29.312	3	2	26	24597	0.0	0.1481593536206719	0.14550661682340377	0.084275572062726411616677372161133319118338857620212	3.39977e-05	252	>	1	0
500	5707	0.02287374749498998	11.414	4	3	7	4126	0.09721246099413187	0.05087026087455608	0.05306302540522967	0.13435527151405889488315413972925811324954651263512	9.59435e-05	240	>	0	1
500	10717	0.04295390781563126	21.434	3	3	5	10473	0.0	0.04354751992611341	0.04371289563354059	0.030462397508562045761691408426493993113194446807878	5.84876e-05	251	>	0	1
500	10827	0.043394789579158315	21.654	3	2	5	10648	0.0	0.04367906796200567	0.04393060120514927	0.032248788087156151194645561361961624822813972896345	6.21205e-05	273	>	0	1
500	5463	0.021895791583166332	10.926	4	3	8	4447	0.5599174300504826	0.038592783343103516	0.03714247501862856	0.14295707248744202471793698229902223263844338641878	0.000100319	238	>	0	1
500	6291	0.02521442885771543	12.582	4	3	9	4647	0.025919574620182018	0.05570957361315639	0.05925072256978744	0.11371282003389868698720347250938482429112645869443	8.4398e-05	232	>	0	1
500	6227	0.024957915831663326	12.454	4	3	8	4747	0.2595290781964716	0.044576737286954445	0.04295839469808542	0.16005079804834296484590821506017631853477031125137	9.17002e-05	219	>	0	1
500	7143	0.02862925851703407	14.286	4	3	8	5489	0.11382283605286855	0.04699782671865253	0.04814643456133248	0.16486452169193105114951177454951628214184444251828	7.95997e-05	231	>	0	1
500	6681	0.026777555110220442	13.362	4	3	8	4761	0.0604134119943298	0.05475441920571493	0.0591091174244522	0.14678365692642474905082114547347694848765362351382	8.53182e-05	240	>	0	1
500	8528	0.034180360721442885	17.056	3	3	10	6985	0.22157340733571507	0.05167595251028546	0.053282516344792266	0.13487729911236262223791676328814395329113214764772	6.62601e-05	240	>	0	1
500	10615	0.04254509018036072	21.23	3	2	10	11138	0.5372709346548796	0.059598388001763564	0.05505724000672455	0.11364975428417327687581674169011739599047657978479	5.05988e-05	249	>	0	1
500	13012	0.052152304609218436	26.024	3	2	5	15881	0.0	0.05193035049674131	0.05185847414477034	0.034993667142373964933406060490715956751382879329799	5.05582e-05	224	>	0	1
500	10717	0.04295390781563126	21.434	3	3	11	10145	0.37762900550600076	0.06380689408994257	0.06181384968029919	0.14673263955165579247886116284025446064589013494488	5.31199e-05	186	>	0	1
500	10827	0.043394789579158315	21.654	3	2	7	12095	0.6024032031999874	0.05184813741116247	0.046658575773507405	0.13539487165340859877455573633105300342935112484247	5.13116e-05	155	>	0	1
500	14656	0.05874148296593187	29.312	3	2	5	19976	0.0	0.05857619842607955	0.05828050713153724	0.021915245785336260899103465606530846719231556203191	4.41755e-05	265	>	0	1
500	13012	0.052152304609218436	26.024	3	3	14	14116	0.3568861169232237	0.07245161616247307	0.07132847303272895	0.12211015632440420721434634751760762327224703080866	4.21728e-05	229	>	0	1
500	14656	0.05874148296593187	29.312	3	2	20	15856	0.22664969216991218	0.0918610653704575	0.09441184515591215	0.094736704133153417750887362945811134970687898697679	3.56743e-05	247	>	0	1
